#START7777
#--------------------------------------------------------------------------------------------------
# FLAG의 자리별 Y인 경우 의미 (왼쪽부터)
#   1 : 지상
#   2 : 표준등압면
#   3 : 온도유의고도
#   4 : 바람유의고도
#   5 : 권계면
#   6 : 최대풍
#   7 : 61616
#   8 : 52525
#   9 : TTAA
#  10 : TTBB
#  11 : TTCC
#  12 : TTDD
#--------------------------------------------------------------------------------------------------
# YYMMDDHHMI   STN      PA      GH      TA      TD      WD      WS FLAG
#        UTC    ID     hPa       m       C       C  degree     m/s 123456789012
202610030000 47102  1018.0  -999.0    15.0     9.0    80.0     1.5 101000001100
202610030000 47102  1012.0  -999.0    15.8     6.8  -999.0  -999.0 001000000100
202610030000 47102  1006.0  -999.0    15.4     7.4  -999.0  -999.0 001000000100
202610030000 47102  1000.0   198.0    15.4     2.4    75.0     4.1 010000001000
202610030000 47102   999.0  -999.0    15.8    -0.2  -999.0  -999.0 001000000100
202610030000 47102   938.0  -999.0  -999.0  -999.0    35.0     5.7 000100000100
202610030000 47102   932.0  -999.0  -999.0  -999.0    40.0     5.1 000100000100
202610030000 47102   928.0  -999.0    10.8     2.8  -999.0  -999.0 001000000100
202610030000 47102   925.0   854.0    11.2    -0.8    50.0     3.6 010000001000
202610030000 47102   923.0  -999.0    11.8    -5.2  -999.0  -999.0 001000000100
202610030000 47102   911.0  -999.0    11.4   -10.6  -999.0  -999.0 001000000100
202610030000 47102   850.0  1556.0     8.8   -17.2    10.0     3.1 010000001000
202610030000 47102   826.0  -999.0  -999.0  -999.0   270.0     0.5 000100000100
202610030000 47102   810.0  -999.0     7.4   -27.6  -999.0  -999.0 001000000100
202610030000 47102   794.0  -999.0     7.6   -27.4  -999.0  -999.0 001000000100
202610030000 47102   788.0  -999.0  -999.0  -999.0   215.0     5.1 000100000100
202610030000 47102   766.0  -999.0     5.8   -38.2  -999.0  -999.0 001000000100
202610030000 47102   743.0  -999.0  -999.0  -999.0   260.0     5.7 000100000100
202610030000 47102   730.0  -999.0  -999.0  -999.0   240.0     5.1 000100000100
202610030000 47102   708.0  -999.0     2.0   -26.0  -999.0  -999.0 001000000100
202610030000 47102   704.0  -999.0  -999.0  -999.0   270.0     5.7 000100000100
202610030000 47102   700.0  3142.0     1.8   -31.2   270.0     6.2 010000001000
202610030000 47102   689.0  -999.0  -999.0  -999.0   260.0     7.7 000100000100
202610030000 47102   676.0  -999.0  -999.0  -999.0   295.0     7.7 000100000100
202610030000 47102   667.0  -999.0     1.8   -34.2  -999.0  -999.0 001000000100
202610030000 47102   625.0  -999.0  -999.0  -999.0   290.0     9.8 000100000100
202610030000 47102   623.0  -999.0    -0.7   -23.7  -999.0  -999.0 001000000100
202610030000 47102   618.0  -999.0    -0.5   -23.5  -999.0  -999.0 001000000100
202610030000 47102   600.0  -999.0  -999.0  -999.0   315.0     9.3 000100000100
202610030000 47102   500.0  5800.0   -13.3   -19.3   285.0    20.6 010000001000
202610030000 47102   499.0  -999.0   -13.3   -18.3  -999.0  -999.0 001000000100
202610030000 47102   450.0  -999.0   -18.7   -34.7  -999.0  -999.0 001000000100
202610030000 47102   430.0  -999.0   -21.7   -29.7  -999.0  -999.0 001000000100
202610030000 47102   405.0  -999.0  -999.0  -999.0   260.0    18.0 000100000100
202610030000 47102   403.0  -999.0   -25.7   -37.7  -999.0  -999.0 001000000100
202610030000 47102   400.0  7450.0   -25.9   -38.9   265.0    19.0 010000001000
202610030000 47102   383.0  -999.0  -999.0  -999.0   275.0    19.5 000100000100
202610030000 47102   349.0  -999.0   -32.1   -54.1  -999.0  -999.0 001000000100
202610030000 47102   340.0  -999.0   -33.7   -45.7  -999.0  -999.0 001000000100
202610030000 47102   336.0  -999.0   -34.1   -57.1  -999.0  -999.0 001000000100
202610030000 47102   332.0  -999.0  -999.0  -999.0   270.0    27.3 000100000100
202610030000 47102   300.0  9480.0   -39.7   -49.7   280.0    41.7 010000001000
202610030000 47102   294.0  -999.0   -40.3   -48.3  -999.0  -999.0 001000000100
202610030000 47102   278.0  -999.0   -43.3   -56.3  -999.0  -999.0 001000000100
202610030000 47102   263.0  -999.0   -46.3   -49.4  -999.0  -999.0 001000000100
202610030000 47102   260.0  -999.0   -46.3   -62.3  -999.0  -999.0 001000000100
202610030000 47102   250.0 10700.0   -47.9   -61.9   265.0    49.9 010000001000
202610030000 47102   245.0  -999.0  -999.0  -999.0   270.0    50.4 000100000100
202610030000 47102   211.0  -999.0  -999.0  -999.0   275.0    59.7 000001001000
202610030000 47102   200.0 12140.0   -56.9   -70.9   275.0    58.1 010000001000
202610030000 47102   194.0  -999.0   -58.1   -71.1   280.0    54.5 001010001100
202610030000 47102   183.0  -999.0  -999.0  -999.0   275.0    48.9 000100000100
202610030000 47102   170.0  -999.0   -59.7   -76.7  -999.0  -999.0 001000000100
202610030000 47102   168.0  -999.0  -999.0  -999.0   280.0    52.5 000100000100
202610030000 47102   150.0 13950.0   -57.5   -81.5   280.0    44.2 010000001000
202610030000 47102   141.0  -999.0  -999.0  -999.0   280.0    40.6 000100000100
202610030000 47102   138.0  -999.0   -57.1   -83.1  -999.0  -999.0 001000000100
202610030000 47102   133.0  -999.0  -999.0  -999.0   265.0    35.0 000100000100
202610030000 47102   130.0  -999.0  -999.0  -999.0   260.0    37.0 000100000100
202610030000 47102   122.0  -999.0   -61.5   -84.5   265.0    42.7 001010001100
202610030000 47102   112.0  -999.0  -999.0  -999.0   275.0    45.8 000001001000
202610030000 47102   100.0 16480.0   -62.7   -85.7   285.0    40.6 011000001100
202610030000 47102    92.9  -999.0   -63.5   -86.5  -999.0  -999.0 001000000001
202610030000 47102    90.4  -999.0   -59.7   -86.7  -999.0  -999.0 001000000001
202610030000 47102    88.9  -999.0  -999.0  -999.0   270.0    25.2 000100000001
202610030000 47102    77.9  -999.0   -65.3   -88.3  -999.0  -999.0 001000000001
202610030000 47102    77.0  -999.0  -999.0  -999.0   280.0    30.9 000100000001
202610030000 47102    74.4  -999.0  -999.0  -999.0   285.0    26.8 000100000001
202610030000 47102    70.9  -999.0  -999.0  -999.0   265.0    19.5 000100000001
202610030000 47102    70.0 18680.0   -62.9   -88.9   260.0    20.1 010000000010
202610030000 47102    69.2  -999.0  -999.0  -999.0   255.0    21.1 000100000001
202610030000 47102    59.3  -999.0  -999.0  -999.0   290.0    16.5 000100000001
202610030000 47102    56.2  -999.0  -999.0  -999.0   265.0    15.4 000100000001
202610030000 47102    51.9  -999.0  -999.0  -999.0   285.0    16.5 000100000001
202610030000 47102    50.2  -999.0  -999.0  -999.0   265.0    16.5 000100000001
202610030000 47102    50.0 20770.0   -58.7   -87.7   265.0    15.9 010000000010
202610030000 47102    47.6  -999.0  -999.0  -999.0   255.0     8.7 000100000001
202610030000 47102    45.4  -999.0  -999.0  -999.0   245.0    11.3 000100000001
202610030000 47102    43.2  -999.0  -999.0  -999.0   265.0    12.9 000100000001
202610030000 47102    41.6  -999.0  -999.0  -999.0   245.0    11.3 000100000001
202610030000 47102    40.2  -999.0  -999.0  -999.0   270.0    13.9 000100000001
202610030000 47102    37.8  -999.0  -999.0  -999.0   245.0    12.9 000100000001
202610030000 47102    36.6  -999.0  -999.0  -999.0   265.0     9.3 000100000001
202610030000 47102    34.3  -999.0  -999.0  -999.0   240.0     8.2 000100000001
202610030000 47102    32.8  -999.0  -999.0  -999.0   260.0     8.2 000100000001
202610030000 47102    31.6  -999.0  -999.0  -999.0   230.0     7.7 000100000001
202610030000 47102    30.7  -999.0  -999.0  -999.0   245.0     7.2 000100000001
202610030000 47102    30.0 24010.0   -52.7   -85.7   270.0     7.2 010000000010
202610030000 47102    29.8  -999.0  -999.0  -999.0   275.0     7.2 000100000001
202610030000 47102    29.0  -999.0  -999.0  -999.0   265.0     5.1 000100000001
202610030000 47102    27.9  -999.0  -999.0  -999.0     0.0     0.0 000100000001
202610030000 47102    27.1  -999.0   -51.7   -85.7  -999.0  -999.0 001000000001
202610030000 47102    24.6  -999.0   -53.5   -86.5  -999.0  -999.0 001000000001
202610030000 47102    23.0  -999.0  -999.0  -999.0   260.0     5.1 000100000001
202610030000 47102    22.1  -999.0  -999.0  -999.0   300.0     6.2 000100000001
202610030000 47102    21.9  -999.0  -999.0  -999.0   315.0     5.1 000100000001
202610030000 47102    20.0 26630.0   -51.5   -85.5   315.0     4.1 010000000010
202610030000 47102    19.8  -999.0  -999.0  -999.0   315.0     5.1 000100000001
202610030000 47102    19.5  -999.0   -51.7   -85.7  -999.0  -999.0 001000000001
202610030000 47102    18.2  -999.0  -999.0  -999.0   330.0     5.7 000100000001
202610030000 47102    16.8  -999.0   -47.1   -84.1  -999.0  -999.0 001000000001
202610030000 47102    15.8  -999.0  -999.0  -999.0    70.0     5.1 000100000001
202610030000 47102    15.3  -999.0  -999.0  -999.0   120.0     7.2 000100000001
202610030000 47102    15.0  -999.0  -999.0  -999.0   145.0     5.7 000100000001
202610030000 47102    14.1  -999.0  -999.0  -999.0   140.0     1.5 000100000001
202610030000 47102    13.7  -999.0  -999.0  -999.0    90.0     5.1 000100000001
202610030000 47102    12.5  -999.0  -999.0  -999.0    85.0     5.1 000100000001
202610030000 47102    12.0  -999.0  -999.0  -999.0   100.0     9.3 000100000001
202610030000 47102    11.5  -999.0   -48.3   -85.3  -999.0  -999.0 001000000001
202610030000 47102    11.1  -999.0  -999.0  -999.0    85.0     1.0 000100000001
202610030000 47102    10.7  -999.0  -999.0  -999.0    20.0     5.1 000100000001
202610030000 47102    10.5  -999.0  -999.0  -999.0    45.0     6.2 000100000001
202610030000 47102    10.0 31200.0   -46.3   -84.3    55.0     2.6 010000000010
202610030000 47102     9.7  -999.0  -999.0  -999.0    65.0     5.1 000100000001
202610030000 47102     8.7  -999.0  -999.0  -999.0    15.0     6.2 000100000001
202610030000 47102     8.2  -999.0  -999.0  -999.0    55.0     6.7 000100000001
202610030000 47102     8.0  -999.0   -45.7   -84.7  -999.0  -999.0 001000000001
#7777END
